0,411
0,410
0,409
0,408
0,407
0,406
0,405
0,404
0,403
0,402
0,401
0,400
0,399
0,398
0,397
0,396
0,395
0,394
0,393
0,392
44,3
44,2
44,1
44,0
0,391
0,390
43,3
43,2
0,389
43,1
43,0
42,3
42,2
42,1
42,0
41,3
41,2
41,1
41,0
0,388
40,6
40,5
40,4
40,3
40,2
40,1
40,0
39,3
39,2
39,1
39,0
38,79
38,78
38,77
38,76
38,75
38,45
38,44
38,74
38,73
38,72
38,71
38,70
38,69
38,42
38,68
38,67
38,66
38,65
38,64
38,43
38,36
38,41
38,40
38,39
38,38
38,37
38,29
38,35
38,34
38,33
38,32
38,31
38,30
38,23
38,28
38,27
38,26
38,25
38,24
38,16
38,22
38,21
38,20
38,19
38,18
38,17
38,13
38,15
38,14
38,12
38,4
38,11
38,10
38,9
38,8
38,7
38,6
38,5
0,387
0,386
0,385
0,384
0,383
0,382
38,3
38,2
38,1
38,0
37,3
37,2
37,1
37,0
36,3
36,2
36,1
36,0
0,381
35,3
35,2
0,380
35,1
35,0
0,379
0,378
0,377
0,376
0,375
0,374
0,373
0,372
0,371
0,370
0,369
0,368
0,367
0,366
0,365
0,364
0,363
0,362
0,361
0,360
0,359
0,358
0,357
0,356
0,355
0,354
0,353
0,352
0,351
0,350
0,349
0,348
0,347
0,346
0,345
